%YAML:1.0
---
K: !!opencv-matrix
   rows: 3
   cols: 3
   dt: d
   data: [ 1.0502263881777849e+03, 0., 9.9028626703718942e+02, 0.,
       1.0499385319932912e+03, 5.2451803948683221e+02, 0., 0., 1. ]
D: !!opencv-matrix
   rows: 1
   cols: 5
   dt: d
   data: [ -3.1989418623648597e-02, 1.2242465099157926e-01,
       4.7121887823571449e-04, -1.3947302006243245e-03,
       -1.0296210487904395e-01 ]
