%YAML:1.0
---
K: !!opencv-matrix
   rows: 3
   cols: 3
   dt: d
   data: [ 5.2461918284384763e+02, 0., 3.3918821751539997e+02, 0.,
       5.2479191235904261e+02, 2.3619840340712324e+02, 0., 0., 1. ]
D: !!opencv-matrix
   rows: 1
   cols: 5
   dt: d
   data: [ -7.2166328510954003e-02, 4.0970103235849087e-01,
       1.7570563105007183e-03, -5.1663778325382824e-04,
       -6.5237566106544076e-01 ]
